"3.657769   278    1.29   0   0  -4  -4   40661",
"4.062971   228    1.29   0   0  -4  -2   40661",
"-1.289528   559    5.34   0   0   5   1   40672",
"-0.711841   705    5.34   0   1   5   0   40672",
"-0.229979   676    5.34   0   1   5   1   40672",
"0.229979   582    5.34   0   0   5   1   40672",
"1.190965   343    5.34   0   0   3   8   40672",
"2.182067   416    5.34   0   0   1   2   40672",
"-0.804928   937   -1.94   2   1  -3  -4   40681",
"0.881588   641   -1.94   2   1  -2  -7   40681",
"1.837098   405   -1.94   2   1  -4  -7   40681",
"2.699521   229   -1.94   2   0  -4  -2   40681",
"-0.566735   535   11.22   4   1   5  -7   40693",
"0.566735   690   11.22   4   1   5  -7   40693",
"1.086927   542   11.22   4   1  -4  -6   40693",
"1.650924   508   11.22   4   1  -4  -7   40693",
"-1.379877   882    3.66   4   1   5  -3   40702",
"-0.747433  1167    3.66   4   1   5   1   40702",
"0.648871   644    3.66   2   1   0  -3   40702",
"1.108830   871    3.66   2   1  -2   6   40702",
"2.198494   754    3.66   3   1   2  -1   40702",
"2.658453   787    3.66   2   1  -2  -3   40702",
"-0.295688  1000    0.71   3   0   0  13   40738",
"0.295688   480    0.71   3   1   2  -1   40738",
"0.835045   449    0.71   3   1  -2   8   40738",
"1.448323   407    0.71   3   1  -2  22   40738",
"1.946612   360    0.71   2   1  -3   5   40738",
"3.457906   325    0.71   2   1  -5   1   40738",
"4.881588   382    0.71   2   1  -4  -3   40738",
"-0.292950   942    1.11   0   1   5  -1   40759",
"0.689938   322    1.11   0   1  -4   8   40759",
"1.462012   376    1.11   0   1   5  -5   40759",
"3.852156   299    1.11   1   1   5  -4   40759",
"-0.334018   882   18.14   3   1   5   3   40774",
"0.334018   713   18.14   0   1   0   3   40774",
"0.835045   512   18.14   3   1  -2   3   40774",
"1.349760   389   18.14   3   1  -4   4   40774",
"-0.383299   431   -2.45   0   0   5   8   40791",
"0.383299   340   -2.45   0   1   4   9   40791",
"-2.521561  1157   -4.55   4   1   2  33   40795",
"-2.099931   972   -4.55   4   1   5  33   40795",
"-1.661875  1350   -4.55   4   1   5  39   40795",
"-1.182752  1290   -4.55   4   1   5  39   40795",
"-0.240931  1246   -4.55   4   1   5  48   40795",
"0.240931   530   -4.55   4   1   5  48   40795",
"1.259411   546   -4.55   4   1   5  40   40795",
"2.291581   394   -4.55   4   1   5  39   40795",
"-0.287474   823   -9.82   3   1   5  27   40807",
"0.287474  1313   -9.82   3   1   5   9   40807",
"0.845996   866   -9.82   3   1  -4   0   40807",
"1.420945   902   -9.82   2   1  -4  -1   40807",
"1.935660   970   -9.82   3   1  -4  -5   40807",
"2.874743   771   -9.82   3   1  -1   0   40807",
"-0.309377   694    8.36   0   1   5   8   40867",
"0.254620   827    8.36   0   1   1  12   40867",
"0.758385   714    8.36   0   1  -5  28   40867",
"1.429158   519    8.36   0   1  -5  11   40867",
"-2.067077   918    4.32   0   1  -4  -7   40873",
"-1.601643  1186    4.32   0   1  -4  -7   40873",
"-1.070500  1110    4.32   0   1  -4  -6   40873",
"-0.257358   811    4.32   0   1  -4  -7   40873",
"-0.375086   662    1.13   0   0   5   6   40901",
"0.375086   618    1.13   0   1   5  -2   40901",
"0.873374   589    1.13   0   1   3  -7   40901",
"1.390828   653    1.13   0   1   5   4   40901",
"1.869952   440    1.13   0   1   5   9   40901",
"2.368241   763    1.13   0   1   5   3   40901",
"2.885695   511    1.13   0   0  -4  -4   40901",
"3.345654   515    1.13   0   1  -1  12   40901",
"3.863107   235    1.13   0   0  -2  18   40901",
"4.380561   389    1.13   0   0  -1   6   40901",
"4.859685   201    1.13   0   0   0   9   40901",
"-0.317591   992    0.95   2   1  -1  -5   40904",
"0.317591   927    0.95   3   1  -3  -6   40904",
"0.911704  1191    0.95   3   1  -3  -4   40904",
"1.429158   535    0.95   3   1  -3   0   40904",
"3.211499   558    0.95   3   0  -4  -7   40904",
"3.594798   516    0.95   2   1  -3  -7   40904",
"0.911704   638    1.66   0   1   5   1   40942",
"1.503080   584    1.66   0   1   3   6   40942",
"3.315537   204    1.66   0   1   4  -4   40942",
"-2.907598   794    4.72   3   1  -3  -7   40959",
"-2.458590   799    4.72   3   1  -4  -6   40959",
"-0.607803  1084    4.72   3   0  -4  -5   40959",
"-0.358658   901    4.72   3   0  -4  -6   40959",
"0.358658   721    4.72   1   0  -4  -7   40959",
"0.706366   560    4.72   2   0  -4  -6   40959",
"1.242984   588    4.72   0   0  -4  -7   40959",
"-1.117043   887    4.18   0   1   0  -1   40967",
"0.610541   454    4.18   0   1   0  -1   40967",
"-0.999316   458   -0.04   3   0  -3  -6   40970",
"-0.325804   672   -0.04   4   0   0  -5   40970",
"0.325804   384   -0.04   3   0  -3  -1   40970",
"0.651608   318   -0.04   3   0  -4  -3   40970",
"1.590691   272   -0.04   3   0  -4  -5   40970",
"2.108145   226   -0.04   4   0  -4  -6   40970",
"2.606434   159   -0.04   4   0  -5  -3   40970",
"4.065709   217   -0.04   3   0  -4  -7   40970",
"-2.765229   987   -7.67   3   1  -4   1   40973",
"-2.308008   742   -7.67   2   1  -1   5   40973",
"-1.817933   876   -7.67   1   1   3   4   40973",
"-1.385352   796   -7.67   2   1   2   7   40973",
"-0.813142   864   -7.67   1   1   5  -4   40973",
"-0.273785   775   -7.67   0   1   5  18   40973",
"-2.951403  1218    5.57   3   1   5   3   41032",
"-2.491444  1331    5.57   3   1   5   2   41032",
"-2.012320  1175    5.57   3   1   5   6   41032",
"-0.191650   919    5.57   2   1   5  -2   41032",
"0.191650   909    5.57   3   1   5   2   41032",
"0.881588   718    5.57   3   1   5  34   41032",
"1.188227   959    5.57   2   1   5   6   41032",
"1.667351   769    5.57   2   1   5   6   41032",
"-1.097878   630   -7.14   1   1   0   3   41045",
"-0.427105  1278   -7.14   1   1  -1  10   41045",
"0.427105   722   -7.14   0   1  -4  13   41045",
"0.974675   811   -7.14   1   1  -4   5   41045",
"2.488706   564   -7.14   1   1  -3   3   41045",
"3.471595   461   -7.14   1   1  -5   9   41045",
"-1.259411   540   -4.51   4   1   5   4   41061",
"1.259411   468   -4.51   0   1  -2   1   41061",
"4.000000   593   -4.51   0   1   5  -6   41061",
"-1.853525   906   15.23   0   1   5  -1   41062",
"-1.125257  1212   15.23   0   1   5  -6   41062",
"-0.703628  1459   15.23   0   1   5  -1   41062",
"-0.235455  1538   15.23   0   1   0  -7   41062",
"0.235455  1362   15.23   0   1   0  -5   41062",
"1.396304   624   15.23   0   1  -2  -5   41062",
"2.354552   170   15.23   0   1  -4  -5   41062",
"2.819986   277   15.23   0   1  -5  -2   41062",
"-0.287474   593   -3.07   3   1   5   8   41082",
"1.267625   569   -3.07   3   1   5   0   41082",
"1.727584   420   -3.07   4   1  -2   8   41082",
"-2.483231  1193    4.28   4   1  -1  12   41108",
"-2.039699  1009    4.28   4   1  -4   8   41108",
"-1.314168   760    4.28   4   1  -3  24   41108",
"-1.065024  1207    4.28   4   1  -2  31   41108",
"-0.585900  1327    4.28   4   1  -2   5   41108",
"-0.125941  1078    4.28   4   1  -2  10   41108",
"0.432580  1049    4.28   4   1  -2  22   41108",
"-0.301164   547    3.92   0   1   1  -4   41142",
"0.813142   517    3.92   0   1  -2   5   41142",
"1.292266   508    3.92   0   0  -4  41   41142",
"-2.798084  2001    6.66   2   1  -4  -7   41157",
"-2.302532  1325    6.66   2   1  -3  -2   41157",
"-1.839836  2077    6.66   1   1  -4  -4   41157",
"-1.314168  1578    6.66   1   1  -4   1   41157",
"-0.279261  2047    6.66   2   1   0  -7   41157",
"-0.821355   980    7.67   0   1  -3   0   41158",
"-0.251882  1174    7.67   0   1   1  -7   41158",
"0.251882  1008    7.67   0   1  -1  -4   41158",
"0.750171   931    7.67   0   1  -2  -6   41158",
"1.763176   910    7.67   0   1  -2  -3   41158",
"2.702259   327    7.67   0   1  -1  -4   41158",
"3.200547   295    7.67   0   1  -4  -1   41158",
"3.698836    83    7.67   0   1  -3  -2   41158",
"-2.535250  1124   15.68   0   1   4  -5   41163",
"-2.012320  1081   15.68   0   1  -1  -5   41163",
"-0.153320  1069   15.68   0   1  -1   0   41163",
"0.421629   665   15.68   0   1   1   4   41163",
"0.900753   422   15.68   0   1   1  -6   41163",
"-0.249144   934   -2.85   0   1   3   9   41165",
"0.249144  1028   -2.85   0   1   3  19   41165",
"0.733744   770   -2.85   0   1   1   2   41165",
"1.284052   725   -2.85   0   1  -3  17   41165",
"1.801506   708   -2.85   0   1  -2  15   41165",
"2.491444   803   -2.85   0   1  -1   6   41165",
"3.085558   552   -2.85   0   1   1  18   41165",
"-0.312115   736    1.20   0   1   5  -6   41185",
"0.312115   804    1.20   0   1   5  -7   41185",
"0.777550   748    1.20   0   1   3  -7   41185",
"1.702943   484    1.20   0   1  -4  -7   41185",
"2.250513   247    1.20   0   0  -4  -7   41185",
"-1.122519   670   -5.58   0   1   5  -3   41194",
"-0.643395   870   -5.58   0   1   1   0   41194",
"0.643395   526   -5.58   0   1  -2  -3   41194",
"1.971253   529   -5.58   0   1  -1  -1   41194",
"2.718686   535   -5.58   0   1  -4   0   41194",
"3.293634   490   -5.58   0   1  -1  -1   41194",
"-0.276523   554   16.58   0   0   5  -1   41221",
"0.276523   756   16.58   0   0   5  -4   41221",
"0.791239   667   16.58   0   0   3  -5   41221",
"1.284052   587   16.58   0   0   5  -3   41221",
"2.286105   575   16.58   0   0   2  -3   41221",
"2.789870   457   16.58   0   0   0  -1   41221",
"3.786448   211   16.58   0   0  -2  13   41221",
"4.295688   307   16.58   0   0   0  -7   41221",
"4.783025    98   16.58   0   0   5  -7   41221",
"-0.958248   512    1.19   0   1   5  -7   41243",
"0.958248   532    1.19   0   1   5  -4   41243",
"1.555099   686    1.19   0   1   5  -4   41243",
"2.773443   385    1.19   0   1   5  -2   41243",
"-0.279261  1238   12.01   4   1  -1  -7   41253",
"0.279261   347   12.01   4   1  -2  -7   41253",
"1.546886   360   12.01   4   0  -3  -7   41253",
"2.026010   562   12.01   4   1  -3  -6   41253",
"3.526352   313   12.01   4   1  -4  -5   41253",
"-0.260096  1091    0.59   0   0   5  -2   41261",
"0.260096   744    0.59   0   1   5  -5   41261",
"0.878850   786    0.59   0   0   5  -1   41261",
"1.639973   663    0.59   0   0  -2  -3   41261",
"2.633812   804    0.59   0   0  -4  -1   41261",
"3.137577   716    0.59   0   0  -4   0   41261",
"3.578371   930    0.59   0   0  -3   1   41261",
"4.588638   983    0.59   0   0  -4   7   41261",
"-1.232033   471   -8.67   0   1   5  -5   41265",
"-0.720055   762   -8.67   0   1   5   2   41265",
"-0.161533   931   -8.67   0   1   5  -7   41265",
"0.161533   595   -8.67   0   1   0  -7   41265",
"0.991102   405   -8.67   0   1  -2  -6   41265",
"1.399042   415   -8.67   0   1   5  -7   41265",
"1.897331   299   -8.67   0   1   0  -6   41265",
"3.805613   353   -8.67   1   1   5  -7   41265",
"-1.067762   835    9.25   0   0   5   9   41289",
"-0.635181  1391    9.25   0   0   0   5   41289",
"-0.213552  1053    9.25   0   0   0   3   41289",
"0.213552   768    9.25   0   0  -4   4   41289",
"2.154689   798    9.25   0   0   1  15   41289",
"2.652977   893    9.25   0   0  -1  20   41289",
"3.170431   955    9.25   0   0   0  20   41289",
"3.726215   729    9.25   0   0   3  17   41289",
"-2.896646   869    5.07   0   1   5   1   41305",
"-2.398357   928    5.07   0   1   2  -6   41305",
"-2.015058   786    5.07   0   1   5  -2   41305",
"-1.010267   792    5.07   0   1   5   2   41305",
"-0.492813  1044    5.07   0   1   5   3   41305",
"0.492813   833    5.07   0   1   5  21   41305",
"-0.238193   580    2.01   0   1  -1   1   41314",
"0.238193   819    2.01   0   1   0   7   41314",
"0.736482   412    2.01   0   1   1   0   41314",
"1.204654   559    2.01   0   1  -2   6   41314",
"3.041752   208    2.01   0   0  -3   4   41314",
"-2.255989   707    6.22   3   1   5   5   41325",
"-1.286790   731    6.22   0   1   5  -7   41325",
"-0.725530   841    6.22   0   1  -2  -4   41325",
"1.763176   497    6.22   3   0  -5  -7   41325",
"2.308008   449    6.22   0   1  -4  -7   41325",
"2.767967   441    6.22   0   1  -4  29   41325",
"-2.239562  2115    2.60   4   0  -2   2   41328",
"-1.741273  2403    2.60   4   0  -4  -3   41328",
"-1.251198  2461    2.60   4   1  -4  10   41328",
"-0.783025  2334    2.60   3   1  -4   0   41328",
"0.273785  1221    2.60   4   1   1   4   41328",
"0.928131  1194    2.60   4   1  -4   8   41328",
"1.311431   939    2.60   4   1  -3   2   41328",
"1.916496  1083    2.60   4   1  -3   5   41328",
"2.767967   748    2.60   0   0  -3  12   41328",
"-0.292950   531   13.72   3   1   5  -7   41395",
"0.292950   882   13.72   2   1   0  -5   41395",
"0.829569   551   13.72   2   1   4  -6   41395",
"2.020534   471   13.72   3   1   1   3   41395",
"2.524298   348   13.72   3   1   0   1   41395",
"2.978782   432   13.72   3   1  -1  -2   41395",
"3.479808   481   13.72   3   1  -4   8   41395",
"3.997262   201   13.72   3   1   0  -2   41395",
"5.054072   109   13.72   3   1  -2  -5   41395",
"-2.584531  1352    6.16   3   1   5  17   41402",
"-2.201232  1578    6.16   3   1   5  22   41402",
"-1.618070  1425    6.16   2   1   3  23   41402",
"-1.158111  1512    6.16   3   1   3   5   41402",
"-0.610541  1505    6.16   3   1   5  -2   41402",
"0.610541  1464    6.16   2   1  -1   6   41402",
"1.117043   924    6.16   3   1   1   7   41402",
"-2.989733   400   -6.02   0   0   3  -4   41406",
"-2.299795   667   -6.02   0   0   2  -4   41406",
"-1.648186   625   -6.02   0   0  -4  -2   41406",
"-1.245722   552   -6.02   0   0  -3   0   41406",
"-0.709103  1103   -6.02   0   0   0  -3   41406",
"-0.268309   472   -6.02   0   0  -2   3   41406",
"0.268309   357   -6.02   0   0  -2   2   41406",
"-1.557837   920   -8.12   2   1  -4  10   41407",
"-0.963723  1188   -8.12   1   1  -3   0   41407",
"-0.446270  1022   -8.12   2   1  -4  -1   41407",
"0.446270   845   -8.12   1   1  -3   4   41407",
"1.062286   462   -8.12   1   1  -4   3   41407",
"1.691992   437   -8.12   1   1  -4  -3   41407",
"-0.312115   676    1.49   0   1  -3   0   41411",
"0.312115   767    1.49   0   1  -4   2   41411",
"0.777550   866    1.49   0   1  -4  -2   41411",
"1.295003   941    1.49   0   1  -4  -6   41411",
"1.883641   714    1.49   0   1  -4  -4   41411",
"2.327173   843    1.49   0   1  -4  -3   41411",
"2.882957   755    1.49   0   1  -3  -4   41411",
"3.457906   686    1.49   0   1  -4  -5   41411",
"3.958932   389    1.49   0   1  -3  -5   41411",
"4.457221   698    1.49   0   1   2   0   41411",
"4.876112   689    1.49   0   1   0   2   41411",
"-0.268309   615   12.43   1   0   5   9   41414",
"0.268309   437   12.43   0   0   5   7   41414",
"0.813142   418   12.43   0   0  -3   0   41414",
"2.899384   400   12.43   0   0  -4  -6   41414",
"-0.725530   511   -4.30   0   0  -1  -2   41416",
"-0.229979   399   -4.30   0   1  -2   2   41416",
"0.229979   380   -4.30   0   1  -4  -2   41416",
"0.772074   304   -4.30   0   1  -4   6   41416",
"1.226557   254   -4.30   0   1  -4  -5   41416",
"1.683778   232   -4.30   0   1  -4   2   41416",
"2.182067   108   -4.30   0   0  -4   2   41416",
"3.197810    89   -4.30   0   0  -4  -2   41416",
"-1.798768   719   10.80   0   1   5   0   41452",
"-1.212868  1089   10.80   0   1   5  -3   41452",
"-0.731006  1210   10.80   0   1   5   3   41452",
"-0.153320  1001   10.80   0   1   5   0   41452",
"2.302532   649   10.80   0   1   5  -1   41452",
"2.874743   758   10.80   1   0   5  -7   41452",
"3.542779   483   10.80   0   1   5  -7   41452",
"-2.647502   819    0.67   0   0   5   1   41474",
"-2.242300   970    0.67   0   0   5   0   41474",
"-1.760438   647    0.67   0   0   5   2   41474",
"-1.264887   828    0.67   0   0  -2   4   41474",
"0.268309   647    0.67   0   0  -3   6   41474",
"0.783025   624    0.67   0   0  -4   8   41474",
"1.347023   547    0.67   0   0   5   8   41474",
"1.768652   628    0.67   0   0   1   2   41474",
"-1.754962   924   -2.23   0   1   5  -7   41475",
"-1.273101   930   -2.23   0   1   5  -2   41475",
"-0.813142  1046   -2.23   0   1   5  -7   41475",
"-0.314853   747   -2.23   0   1   5  -5   41475",
"0.314853   804   -2.23   0   1   5  -6   41475",
"1.426420   605   -2.23   0   1   3  -7   41475",
"2.406571   557   -2.23   0   1  -2  -5   41475",
"2.984257   567   -2.23   0   1   3  -7   41475",
"3.520876   532   -2.23   0   1   1  -5   41475",
"-2.743326   889    4.98   0   0  -3  -2   41521",
"-0.747433   780    4.98   0   0  -4  -5   41521",
"-0.249144   760    4.98   0   0  -2  -4   41521",
"0.249144   513    4.98   0   0  -1  -7   41521",
"0.224504   414   -3.29   4   1   5  -6   41549",
"-1.130732  1433    7.59   2   1   5   3   41566",
"-0.689938  1238    7.59   3   1   1  -4   41566",
"-0.229979  1022    7.59   3   1   5   7   41566",
"0.229979   750    7.59   2   1   3  -2   41566",
"0.709103   839    7.59   0   1  -4  -3   41566",
"1.166324   796    7.59   1   1  -3  -6   41566",
"2.179329   498    7.59   1   1  -2  -4   41566",
"2.715948   311    7.59   1   1   0  -6   41566",
"4.153320   384    7.59   3   1   5  12   41566",
"-2.910335  1605    3.61   0   1   5   6   41620",
"-2.414784  1296    3.61   0   1   5   3   41620",
"-1.459274  1684    3.61   0   1  -4  19   41620",
"0.309377  1048    3.61   0   1   5  14   41620",
"0.711841   932    3.61   0   1   5   9   41620",
"1.158111   430    3.61   0   1   5   4   41620",
"1.598905   350    3.61   0   1   1   5   41620",
"2.097194   297    3.61   0   1   3   8   41620",
"-0.265572   747    2.85   0   1   1  -2   41621",
"0.763860   970    2.85   0   1   3  -5   41621",
"1.779603  1093    2.85   0   1  -4   2   41621",
"2.220397   734    2.85   0   0  -4  -3   41621",
"2.833676  1082    2.85   0   1  -4  -3   41621",
"3.236140   972    2.85   0   1  -3  -2   41621",
"3.772758  1207    2.85   0   1  -3  -4   41621",
"4.271047   853    2.85   0   1  -2  -3   41621",
"4.733744   974    2.85   0   0  -4   0   41621",
"-0.528405  1238    2.19   0   1   5  -6   41628",
"0.528405   876    2.19   0   1   5  -2   41628",
"-1.251198  1166   -6.07   4   1   5   2   41646",
"-0.725530  1112   -6.07   3   1   5  16   41646",
"-0.251882  1224   -6.07   3   1   5  -2   41646",
"0.251882   830   -6.07   3   1   5  -1   41646",
"0.766598   687   -6.07   3   1   5   2   41646",
"1.245722   636   -6.07   3   1   5   0   41646",
"-1.919233   695   -0.32   0   1   5   7   41656",
"-1.286790   562   -0.32   1   1   5   1   41656",
"-0.747433   692   -0.32   1   1   5   6   41656",
"-0.287474   695   -0.32   0   1   5   5   41656",
"1.869952    42   -0.32   0   0  -5  16   41656",
"-2.773443  1722   10.85   3   0  -4  -7   41658",
"-2.223135  2051   10.85   2   0  -4  -4   41658",
"-1.702943  1786   10.85   3   0  -4  -6   41658",
"-1.374401  1764   10.85   3   0  -5  -7   41658",
"0.194387   827   10.85   3   0  -5  -4   41658",
"0.616016   608   10.85   3   0  -5  -4   41658",
"1.152635   507   10.85   2   0  -4  -4   41658",
"1.650924   471   10.85   3   0  -5  -7   41658",
"2.132786   257   10.85   3   0  -5  -4   41658",
"-2.340863  1746    7.13   4   1  -4  -4   41659",
"-1.727584  1294    7.13   3   1  -4   4   41659",
"-1.286790  1683    7.13   3   1  -4   1   41659",
"-0.755647  1457    7.13   3   1  -5  -7   41659",
"-0.355921  1663    7.13   0   1  -5  -6   41659",
"0.355921   948    7.13   2   1  -4  -2   41659",
"-0.287474  1058    1.95   0   1   2  -2   41687",
"0.287474   780    1.95   0   1   2   0   41687",
"0.577686   719    1.95   0   1  -2  -3   41687",
"2.012320   364    1.95   0   1  -2   0   41687",
"2.488706   371    1.95   0   0  -3   3   41687",
"2.934976   281    1.95   0   0   0  -6   41687",
"-1.779603   532    2.49   0   1   5  21   41691",
"-1.284052   464    2.49   0   1   5  16   41691",
"-0.766598   780    2.49   0   1   3  33   41691",
"-0.369610   633    2.49   0   1   5  31   41691",
"1.377139   540    2.49   0   1   5  38   41691",
"-1.593429   563   -5.57   0   0   5  -3   41692",
"-1.180014   658   -5.57   0   0   2  -3   41692",
"-0.698152  1035   -5.57   0   0   4  -3   41692",
"-0.229979   588   -5.57   0   0  -2   0   41692",
"0.229979   686   -5.57   0   0  -4  -5   41692",
"0.747433   576   -5.57   0   0  -3  -2   41692",
"1.226557   370   -5.57   0   0  -4  -1   41692",
"1.700205   616   -5.57   0   0  -5  -2   41692",
"2.272416   652   -5.57   0   0  -4  -4   41692",
"2.817248   566   -5.57   0   0  -4  -3   41692",
"3.307324   945   -5.57   0   0  -4  -6   41692",
"0.268309   756   -7.15   2   1  -2   1   41717",
"0.804928   659   -7.15   3   1  -5  -2   41717",
"1.089665  1019   -7.15   3   1  -4   0   41717",
"1.820671   518   -7.15   3   1  -4  -2   41717",
"-1.571526   880   -1.81   0   1   5  16   41725",
"-1.130732   432   -1.81   0   1   5  10   41725",
"-0.632444   784   -1.81   0   1   5  -3   41725",
"-0.213552   885   -1.81   0   1  -4  -4   41725",
"0.213552   961   -1.81   0   1  -1  -2   41725",
"0.731006   867   -1.81   0   0  -4   0   41725",
"1.656400   674   -1.81   0   1  -2   5   41725",
"2.206708   901   -1.81   0   0  -2   4   41725",
"2.729637   617   -1.81   0   1  -3  -2   41725",
"3.203285   746   -1.81   0   1  -2  -2   41725",
"-0.213552  1026   -4.16   0   1   0  18   41728",
"0.213552   674   -4.16   0   1  -3   8   41728",
"0.769336   768   -4.16   0   1  -3   8   41728",
"1.188227   899   -4.16   0   1  -2   0   41728",
"1.839836   449   -4.16   0   1  -1  15   41728",
"2.496920   240   -4.16   0   1   1  10   41728",
"-2.579056  1453   14.60   4   0   5   4   41741",
"-2.239562  1932   14.60   4   0   5   6   41741",
"-0.835045  1661   14.60   3   0   5  18   41741",
"-0.295688  1761   14.60   3   0   5   9   41741",
"0.295688   737   14.60   3   0   5   6   41741",
"1.122519   431   14.60   3   1   5  26   41741",
"-2.277892   695   -8.23   1   1   5   6   41820",
"-1.226557   646   -8.23   1   1  -2   5   41820",
"-0.941821   882   -8.23   1   1  -2  -5   41820",
"0.941821   391   -8.23   1   1   5   1   41820",
"2.496920   575   -8.23   1   1  -3   0   41820",
"-0.262834  1518    7.63   0   0  -4   5   41829",
"0.262834   973    7.63   1   0  -4   2   41829",
"0.744695   677    7.63   1   1  -5   6   41829",
"1.522245   874    7.63   0   1  -3   0   41829",
"2.480493   538    7.63   1   1  -3  10   41829",
"3.077344   546    7.63   1   0  -5   1   41829",
"3.441478   294    7.63   1   1  -2   6   41829",
"4.021903   546    7.63   1   1  -4   1   41829",
"4.531143   383    7.63   1   1  -3   2   41829",
"-0.238193   606   -5.04   4   1  -3  11   41844",
"0.238193   570   -5.04   4   1   0  10   41844",
"0.772074   826   -5.04   4   1  -4   4   41844",
"1.538672   983   -5.04   4   1  -4   8   41844",
"2.056126   517   -5.04   4   0  -3   9   41844",
"3.419576   462   -5.04   4   1  -3   0   41844"
)
library(tidyverse)
library(tidyverse)
library(googlesheets4)
library(maps)
library(tidyverse)
library(tidyverse)
install.packages("tidyverse")
library(tidyverse)
library(tidyverse)
library(googlesheets4)
library(maps)
gs4_deauth()
raw_data <- read_sheet("https://docs.google.com/spreadsheets/d/1Ax6fMNGqJec2XsAK5JrE4arzlGYA_1kMskyGgtcYdmQ/edit#gid=1321883154", sheet = 2)
raw_data
data <- raw_data %>%
select(country = NAME_0, city = NAME_1, ccvi = `CCVI compared to continent`) %>%
mutate(ccvi = case_when(
between(ccvi, 0, 0.2) ~ "Very low",
between(ccvi, 0.2, 0.4) ~ "Low",
between(ccvi, 0.4, 0.6) ~ "Moderate",
between(ccvi, 0.6, 0.8) ~ "High",
between(ccvi, 0.8, 1) ~ "Very high",
TRUE ~ "No data")) %>%
mutate(ccvi = factor(ccvi, levels = c("Very high", "High", "Moderate", "Low", "Very low", "No data")))
data
data %>%
count(country, sort = TRUE)
library(sf)
data(world)
library(spData)
world
world %>%
filter(continent == "Africa", !is.na(iso_a2))
world %>%
filter(continent == "Africa")
world %>%
filter(continent == "Africa")
world %>%
filter(continent == "Africa") %>%
filter(name_long == "Angola")
world %>%
filter(continent == "Africa") %>%
filter(name_long == "Angola") %>%
pull(geom)
world %>%
filter(continent == "Africa") %>%
filter(name_long == "Angola") %>%
pull(geom) %>%
st_cast()
world %>%
filter(continent == "Africa") %>%
filter(name_long == "Angola") %>%
pull(geom) %>%
st_cast("POLYGON")
Angola <- world %>%
filter(continent == "Africa") %>%
filter(name_long == "Angola") %>%
pull(geom) %>%
st_cast("POLYGON")
ggplot(Angola) +
geom_sf() +
coord_sf()
